+351 910 225 600
+351 962 677 643
+44 7401 794577
+91 63695 35114
+91 63853 63145
+91 80088 32229
+91 831 095 1944
+91 87544 75435
+91 98106 77530
+971 50 141 1439
+971 50 166 6065
+971 50 171 1713
+971 50 179 4934
+971 50 240 2350
+971 50 242 2828
+971 50 255 5900
+971 50 281 3979
+971 50 290 7097
+971 50 316 3703
+971 50 388 5642
+971 50 397 7735
+971 50 419 9919
+971 50 424 6789
+971 50 427 4000
+971 50 468 8999
+971 50 475 4333
+971 50 500 0512
+971 50 504 5048
+971 50 528 6669
+971 50 528 6677
+971 50 546 3380
+971 50 554 5654
+971 50 556 2229
+971 50 594 6619
+971 50 632 6393
+971 50 645 2292
+971 50 647 6319
+971 50 652 3669
+971 50 652 8280
+971 50 680 4426
+971 50 687 7688
+971 50 718 2000
+971 50 722 0405
+971 50 734 7770
+971 50 769 2223
+971 50 858 5885
+971 50 922 5588
+971 50 951 1790
+971 52 222 2425
+971 52 308 8722
+971 52 313 4040
+971 52 333 3229
+971 52 620 4858
+971 52 667 5444
+971 52 673 8691
+971 52 766 6634
+971 52 782 1682
+971 52 992 8034
+971 54 345 4144
+971 54 571 6345
+971 55 243 3633
+971 55 256 6633
+971 55 404 1188
+971 55 404 6260
+971 55 441 5284
+971 55 500 1111
+971 55 568 8686
+971 55 592 9581
+971 55 608 9005
+971 55 677 6177
+971 55 686 5901
+971 55 698 5254
+971 55 760 1666
+971 55 780 3021
+971 55 830 0515
+971 55 910 8170
+971 55 911 9889
+971 55 954 8337
+971 56 141 1474
+971 56 206 3062
+971 56 284 8107
+971 56 296 1505
+971 56 314 0999
+971 56 392 2675
+971 56 430 6482
+971 56 605 4405
+971 56 633 3333
+971 56 912 8886
+971 56 953 3933